4000.187874,2.735e-27,0.0422,0.67,0.045,#
4000.25718,1.799e-26,0.0538,0.7,0.058,#
4000.656606,3.653e-29,0.0471,0.71,0.05,#
4001.069334,6.009e-30,0.0677,0.76,0.074,#
4001.725809,5.633e-31,0.0399,0.7,0.042,#
4003.289484,5.564e-31,0.0545,0.76,0.059,#
4003.894642,1.54e-29,0.0483,0.72,0.051,#
4004.265452,1.884e-28,0.0477,0.67,0.051,#
4004.626936,1.627e-27,0.0432,0.7,0.046,#
4004.644329,2.224e-26,0.0545,0.71,0.059,#
4004.712871,4.848e-30,0.0712,0.77,0.077,#
4004.856439,1.159e-31,0.0545,0.76,0.059,#
4005.802308,2.763e-30,0.0399,0.67,0.042,#
4005.891912,5.583e-29,0.0477,0.71,0.051,#
4006.008733,4.967e-27,0.0427,0.67,0.045,#
4006.200258,2.076e-29,0.037,0.74,0.039,#
4007.703303,6.76e-31,0.0553,0.77,0.059,#
4008.151913,1.149e-30,0.0403,0.7,0.043,#
4008.296184,3.418e-30,0.0757,0.77,0.081,#
4008.972703,2.691e-26,0.0553,0.72,0.059,#
4008.983543,2.262e-29,0.049,0.72,0.052,#
4009.314453,2.804e-28,0.0483,0.67,0.051,#
4009.368744,1.414e-31,0.0553,0.77,0.059,#
4010.300483,2.841e-27,0.0438,0.7,0.046,#
4011.065137,8.374e-29,0.0483,0.72,0.051,#
4011.768705,8.856e-27,0.0432,0.67,0.046,#
4011.81915,1.778e-30,0.0803,0.78,0.087,#
4012.056057,8.032e-31,0.0561,0.78,0.06,#
4012.068987,5.569e-30,0.0403,0.67,0.043,#
4013.107689,4.854e-29,0.0374,0.74,0.04,#
4013.24218,3.185e-26,0.0561,0.73,0.06,#
4013.817505,1.687e-31,0.0561,0.78,0.06,#
4014.010448,3.259e-29,0.0496,0.73,0.053,#
4014.303655,4.095e-28,0.049,0.67,0.052,#
4014.513688,2.299e-30,0.0408,0.7,0.043,#
4015.118417,1.49e-31,0.0448,0.7,0.047,#
4015.913218,4.871e-27,0.0443,0.7,0.047,#
4016.176148,1.232e-28,0.049,0.72,0.052,#
4016.347619,9.325e-31,0.0569,0.78,0.062,#
4017.452639,3.686e-26,0.0569,0.74,0.062,#
4017.467657,1.55e-26,0.0438,0.67,0.046,#
4018.202587,1.966e-31,0.0569,0.78,0.062,#
4018.273704,1.102e-29,0.0408,0.67,0.043,#
4018.683558,1.828e-30,0.0803,0.78,0.087,#
4018.975224,4.604e-29,0.0503,0.73,0.053,#
4019.23293,5.867e-28,0.0496,0.67,0.053,#
4019.951789,1.114e-28,0.0378,0.74,0.04,#
4020.577863,1.057e-30,0.0577,0.79,0.063,#
4020.725559,2.481e-31,0.0454,0.7,0.048,#
4020.810991,4.517e-30,0.0413,0.7,0.044,#
4021.224812,1.778e-28,0.0496,0.73,0.053,#
4021.465011,8.2e-27,0.0448,0.7,0.047,#
4021.60396,4.164e-26,0.0577,0.75,0.063,#
4022.024758,3.616e-30,0.0757,0.78,0.081,#
4022.523857,2.237e-31,0.0577,0.79,0.063,#
4023.105456,2.664e-26,0.0443,0.67,0.047,#
4023.877739,6.378e-29,0.051,0.74,0.054,#
4024.102152,8.246e-28,0.0503,0.67,0.053,#
4024.416321,2.141e-29,0.0413,0.67,0.044,#
4024.746661,1.168e-30,0.0586,0.79,0.064,#
4025.305128,5.274e-30,0.0712,0.77,0.077,#
4025.696021,4.587e-26,0.0586,0.75,0.064,#
4026.210996,2.515e-28,0.0503,0.73,0.053,#
4026.269367,4.053e-31,0.046,0.7,0.049,#
4026.732418,2.51e-28,0.0382,0.74,0.04,#
4026.78118,2.479e-31,0.0586,0.79,0.064,#
4026.955731,1.355e-26,0.0454,0.7,0.048,#
4027.04368,8.71e-30,0.0417,0.7,0.044,#
4028.392595,1.005e-31,0.0465,0.7,0.049,#
4028.524545,6.725e-30,0.0677,0.76,0.074,#
4028.681971,4.494e-26,0.0448,0.67,0.047,#
4028.717861,8.66e-29,0.0517,0.74,0.055,#
4028.853886,1.255e-30,0.0595,0.79,0.065,#
4028.911194,1.136e-27,0.051,0.67,0.054,#
4029.7287,4.919e-26,0.0595,0.75,0.065,#
4030.496704,4.084e-29,0.0417,0.67,0.044,#
4030.974424,2.674e-31,0.0595,0.79,0.065,#
4031.134567,3.489e-28,0.051,0.74,0.054,#
4031.682889,7.904e-30,0.0651,0.76,0.071,#
4031.749705,6.496e-31,0.0465,0.7,0.049,#
4032.385246,2.197e-26,0.046,0.7,0.049,#
4032.899412,1.31e-30,0.0606,0.79,0.066,#
4033.211613,1.648e-29,0.0422,0.7,0.045,#
4033.449435,5.551e-28,0.0386,0.74,0.041,#
4033.495457,1.152e-28,0.0524,0.75,0.056,#
4033.659931,1.536e-27,0.0517,0.67,0.055,#
4033.701878,5.122e-26,0.0606,0.75,0.066,#
4033.936141,1.592e-31,0.0471,0.71,0.05,#
4034.197069,7.44e-26,0.0454,0.67,0.048,#
4034.780038,8.77e-30,0.0632,0.77,0.069,#
4035.103454,2.798e-31,0.0606,0.79,0.066,#
4035.995392,4.744e-28,0.0517,0.74,0.055,#
4036.514716,7.647e-29,0.0422,0.67,0.045,#
4036.88311,1.323e-30,0.0618,0.78,0.068,#
4037.166435,1.021e-30,0.0471,0.71,0.05,#
4037.615432,5.162e-26,0.0618,0.75,0.068,#
4037.753423,3.497e-26,0.0465,0.7,0.049,#
4037.815872,9.303e-30,0.0618,0.78,0.068,#
4038.210395,1.502e-28,0.0531,0.75,0.057,#
4038.348234,2.034e-27,0.0524,0.68,0.056,#
4039.168135,2.833e-31,0.0618,0.78,0.068,#
4039.314646,3.061e-29,0.0427,0.7,0.045,#
4039.413489,2.475e-31,0.0477,0.71,0.051,#
4039.650617,1.209e-25,0.046,0.67,0.049,#
4040.102697,1.205e-27,0.039,0.74,0.041,#
4040.79027,9.506e-30,0.0606,0.79,0.066,#
4040.793336,6.321e-28,0.0524,0.75,0.056,#
4040.804855,1.287e-30,0.0632,0.77,0.069,#
4041.469241,5.011e-26,0.0632,0.74,0.069,#
4042.470219,1.405e-28,0.0427,0.67,0.045,#
4042.519419,1.575e-30,0.0477,0.71,0.051,#
4042.862542,1.917e-28,0.0538,0.76,0.058,#
4042.975977,2.64e-27,0.0531,0.69,0.057,#
4043.060132,5.462e-26,0.0471,0.7,0.05,#
4043.168335,2.761e-31,0.0632,0.77,0.069,#
4043.703111,9.402e-30,0.0595,0.79,0.065,#
4044.664518,1.196e-30,0.0651,0.76,0.071,#
4044.824495,3.771e-31,0.0483,0.72,0.051,#
4045.042484,1.928e-25,0.0465,0.67,0.049,#
4045.263185,4.649e-26,0.0651,0.74,0.071,#
4045.352635,5.577e-29,0.0432,0.7,0.046,#
4045.528267,8.25e-28,0.0531,0.75,0.057,#
4046.554272,9.032e-30,0.0586,0.78,0.064,#
4046.692065,2.569e-27,0.0395,0.74,0.042,#
4047.103918,2.57e-31,0.0651,0.76,0.071,#
4047.451765,2.396e-28,0.0545,0.76,0.059,#
4047.543034,3.356e-27,0.0538,0.7,0.058,#
4047.808519,2.383e-30,0.0483,0.72,0.051,#
4048.305241,8.37e-26,0.0477,0.7,0.051,#
4048.363078,2.536e-28,0.0432,0.67,0.046,#
4048.461972,1.049e-30,0.0677,0.76,0.074,#
4048.997142,4.072e-26,0.0677,0.74,0.074,#
4049.343635,8.446e-30,0.0577,0.78,0.063,#
4050.169014,5.633e-31,0.049,0.72,0.052,#
4050.200051,1.054e-27,0.0538,0.76,0.058,#
4050.372535,3.017e-25,0.0471,0.67,0.05,#
4050.974751,2.258e-31,0.0677,0.76,0.074,#
4051.325438,9.97e-29,0.0438,0.7,0.046,#
4051.977932,2.928e-28,0.0553,0.77,0.059,#
4052.049277,4.177e-27,0.0545,0.71,0.059,#
4052.071077,7.703e-30,0.0569,0.77,0.062,#
4052.197091,8.474e-31,0.0712,0.77,0.077,#
4052.67099,3.287e-26,0.0712,0.74,0.077,#
4053.033596,3.535e-30,0.049,0.72,0.052,#
4053.217395,5.374e-27,0.0399,0.74,0.042,#
4053.488616,1.258e-25,0.0483,0.7,0.051,#
4054.193156,4.489e-28,0.0438,0.67,0.046,#
4054.736478,6.861e-30,0.0561,0.77,0.06,#
4054.7807,1.826e-31,0.0712,0.77,0.077,#
4054.808553,1.319e-27,0.0545,0.76,0.059,#
4055.4469,8.247e-31,0.0496,0.73,0.053,#
4055.640638,4.631e-25,0.0477,0.67,0.051,#
4055.869747,5.983e-31,0.0757,0.77,0.081,#
4056.284608,2.319e-26,0.0757,0.75,0.081,#
4056.44091,3.498e-28,0.0561,0.78,0.06,#
4056.494578,5.086e-27,0.0553,0.72,0.059,#
4057.232911,1.749e-28,0.0443,0.7,0.047,#
4057.339716,5.973e-30,0.0553,0.76,0.059,#
4058.194513,5.141e-30,0.0496,0.73,0.053,#
4058.521629,1.291e-31,0.0757,0.77,0.081,#
4058.610127,1.855e-25,0.049,0.7,0.052,#
4059.353641,1.613e-27,0.0553,0.77,0.059,#
4059.479812,3.114e-31,0.0803,0.78,0.087,#
4059.678545,1.103e-26,0.0403,0.74,0.043,#
4059.837877,1.206e-26,0.0803,0.76,0.087,#
4059.880672,5.088e-30,0.0545,0.76,0.059,#
4059.960314,7.801e-28,0.0443,0.67,0.047,#
4060.658009,1.183e-30,0.0503,0.73,0.053,#
4060.840566,4.083e-28,0.0569,0.78,0.062,#
4060.846661,6.973e-25,0.0483,0.67,0.051,#
4060.878812,6.056e-27,0.0561,0.73,0.06,#
4062.359224,4.243e-30,0.0538,0.75,0.058,#
4063.074909,3.009e-28,0.0448,0.7,0.047,#
4063.291131,7.33e-30,0.0503,0.73,0.053,#
4063.66964,2.683e-25,0.0496,0.7,0.053,#
4063.83518,1.929e-27,0.0561,0.78,0.06,#
4064.775251,3.466e-30,0.0531,0.75,0.057,#
4065.176766,4.65e-28,0.0577,0.79,0.063,#
4065.201851,7.046e-27,0.0569,0.74,0.062,#
4065.664416,1.33e-27,0.0448,0.67,0.047,#
4065.802194,1.664e-30,0.051,0.74,0.054,#
4065.990469,1.03e-24,0.049,0.72,0.052,#
4066.075373,2.223e-26,0.0408,0.74,0.043,#
4066.511664,3.205e-31,0.0803,0.78,0.087,#
4066.762876,1.241e-26,0.0803,0.76,0.087,#
4067.128633,2.775e-30,0.0524,0.74,0.056,#
4068.253036,2.254e-27,0.0569,0.78,0.062,#
4068.323311,1.024e-29,0.051,0.74,0.054,#
4068.667023,3.805e-25,0.0503,0.7,0.053,#
4068.851287,5.08e-28,0.0454,0.7,0.048,#
4069.419248,2.178e-30,0.0517,0.74,0.055,#
4069.449379,5.16e-28,0.0586,0.79,0.064,#
4069.463567,8.001e-27,0.0577,0.75,0.063,#
4069.933196,6.336e-31,0.0757,0.78,0.081,#
4070.134365,2.455e-26,0.0757,0.75,0.081,#
4070.879311,2.291e-30,0.0517,0.74,0.055,#
4071.071929,1.492e-24,0.0496,0.61,0.053,#
4071.305324,2.225e-27,0.0454,0.67,0.048,#
4071.646977,1.676e-30,0.051,0.73,0.054,#
4072.407736,4.397e-26,0.0413,0.74,0.044,#
4072.607076,2.569e-27,0.0577,0.79,0.063,#
4072.832478,1.368e-31,0.0757,0.78,0.081,#
4073.290915,1.402e-29,0.0517,0.74,0.055,#
4073.291629,9.235e-31,0.0712,0.77,0.077,#
4073.445018,3.58e-26,0.0712,0.74,0.077,#
4073.602143,5.288e-25,0.051,0.71,0.054,#
4073.65827,5.57e-28,0.0595,0.79,0.065,#
4073.663834,8.855e-27,0.0586,0.75,0.064,#
4073.811699,1.266e-30,0.0503,0.73,0.053,#
4074.561902,8.41e-28,0.046,0.7,0.049,#
4075.889213,3.09e-30,0.0524,0.75,0.056,#
4075.913292,9.377e-31,0.0496,0.72,0.053,#
4076.090908,2.118e-24,0.0503,0.71,0.053,#
4076.246302,1.992e-31,0.0712,0.77,0.077,#
4076.586836,1.176e-30,0.0677,0.76,0.074,#
4076.694715,4.563e-26,0.0677,0.74,0.074,#
4076.8829,3.653e-27,0.046,0.67,0.049,#
4076.897165,2.853e-27,0.0586,0.79,0.064,#
4077.802525,9.536e-27,0.0595,0.75,0.065,#
4077.803307,5.835e-28,0.0606,0.79,0.066,#
4077.951637,6.818e-31,0.049,0.72,0.052,#
4078.193805,1.881e-29,0.0524,0.75,0.056,#
4078.474869,7.204e-25,0.0517,0.7,0.055,#
4078.675491,8.532e-26,0.0417,0.74,0.044,#
4079.594301,2.535e-31,0.0677,0.76,0.074,#
4079.81869,1.38e-30,0.0651,0.76,0.071,#
4079.883335,5.36e-26,0.0651,0.74,0.071,#
4079.926612,4.867e-31,0.0483,0.71,0.051,#
4080.206608,1.365e-27,0.0465,0.7,0.049,#
4080.831756,4.079e-30,0.0531,0.75,0.057,#
4081.047272,2.949e-24,0.051,0.71,0.054,#
4081.12317,3.081e-27,0.0595,0.79,0.065,#
4081.838098,3.41e-31,0.0477,0.71,0.051,#
4081.879511,9.968e-27,0.0606,0.75,0.066,#
4081.884357,5.912e-28,0.0618,0.78,0.068,#
4082.397006,5.882e-27,0.0465,0.67,0.049,#
4082.876343,2.971e-31,0.0651,0.76,0.071,#
4082.987063,1.528e-30,0.0632,0.77,0.069,#
4083.010756,5.943e-26,0.0632,0.74,0.069,#
4083.03184,2.47e-29,0.0531,0.75,0.057,#
4083.285066,9.616e-25,0.0524,0.73,0.056,#
4083.685974,2.347e-31,0.0471,0.7,0.05,#
4084.878494,1.625e-25,0.0422,0.74,0.045,#
4085.284955,3.23e-27,0.0606,0.79,0.066,#
4085.470119,1.586e-31,0.0465,0.7,0.049,#
4085.706792,5.27e-30,0.0538,0.76,0.058,#
4085.785262,2.174e-27,0.0471,0.71,0.05,#
4085.894667,1.008e-26,0.0618,0.75,0.068,#
4085.901286,5.766e-28,0.0632,0.77,0.069,#
4085.940887,4.022e-24,0.0517,0.68,0.055,#
4086.076857,6.299e-26,0.0618,0.75,0.068,#
4086.091828,1.617e-30,0.0618,0.78,0.068,#
4086.092292,3.284e-31,0.0632,0.77,0.069,#
4087.190413,1.052e-31,0.046,0.7,0.049,#
4087.804883,3.175e-29,0.0538,0.76,0.058,#
4087.847504,9.29e-27,0.0471,0.67,0.05,#
4088.032603,1.257e-24,0.0531,0.73,0.057,#
4089.081518,6.431e-26,0.0606,0.75,0.066,#
4089.132859,1.648e-30,0.0606,0.79,0.066,#
4089.242014,3.469e-31,0.0618,0.78,0.068,#
4089.382388,3.275e-27,0.0618,0.78,0.068,#
4089.847864,9.814e-27,0.0632,0.74,0.069,#
4089.853961,5.371e-28,0.0651,0.76,0.071,#
4090.514176,6.659e-30,0.0545,0.76,0.059,#
4090.77162,5.376e-24,0.0524,0.71,0.056,#
4091.016602,3.035e-25,0.0427,0.74,0.045,#
4091.297718,3.394e-27,0.0477,0.71,0.051,#
4092.024618,6.354e-26,0.0595,0.75,0.065,#
4092.110028,1.625e-30,0.0595,0.79,0.065,#
4092.325375,3.527e-31,0.0606,0.79,0.066,#
4092.512795,3.993e-29,0.0545,0.76,0.059,#
4092.717346,1.609e-24,0.0538,0.75,0.058,#
4093.234257,1.439e-26,0.0477,0.67,0.051,#
4093.415334,3.195e-27,0.0632,0.77,0.069,#
4093.738975,9.129e-27,0.0651,0.74,0.071,#
4093.74225,4.72e-28,0.0677,0.76,0.074,#
4094.906035,6.096e-26,0.0586,0.75,0.064,#
4095.023209,1.555e-30,0.0586,0.78,0.064,#
4095.253762,8.225e-30,0.0553,0.77,0.059,#
4095.342242,3.469e-31,0.0595,0.79,0.065,#
4095.539337,7.037e-24,0.0531,0.72,0.057,#
4096.74383,5.193e-27,0.0483,0.72,0.051,#
4097.089671,5.563e-25,0.0432,0.74,0.046,#
4097.155435,4.911e-29,0.0553,0.77,0.059,#
4097.339163,2.016e-24,0.0545,0.75,0.059,#
4097.383658,2.978e-27,0.0651,0.76,0.071,#
4097.566018,3.82e-28,0.0712,0.77,0.077,#
4097.567873,8.012e-27,0.0677,0.74,0.074,#
4097.725649,5.693e-26,0.0577,0.75,0.063,#
4097.872273,1.448e-30,0.0577,0.78,0.063,#
4098.292479,3.311e-31,0.0586,0.78,0.064,#
4098.557125,2.186e-26,0.0483,0.67,0.051,#
4099.925403,9.926e-30,0.0561,0.78,0.06,#
4100.243905,9.018e-24,0.0538,0.73,0.058,#
4100.483338,5.184e-26,0.0569,0.74,0.062,#
4100.657095,1.315e-30,0.0569,0.77,0.062,#
4101.175953,3.074e-31,0.0577,0.78,0.063,#
4101.287227,2.617e-27,0.0677,0.76,0.074,#
4101.325133,2.701e-28,0.0757,0.77,0.081,#
4101.334432,6.479e-27,0.0712,0.74,0.077,#
4101.732666,5.902e-29,0.0561,0.78,0.06,#
4101.89792,2.47e-24,0.0553,0.76,0.059,#
4102.123454,7.79e-27,0.049,0.72,0.052,#
4103.097556,1e-24,0.0438,0.74,0.046,#
4103.178983,4.61e-26,0.0561,0.73,0.06,#
4103.377547,1.166e-30,0.0561,0.77,0.06,#
4103.81597,3.256e-26,0.049,0.67,0.052,#
4103.992529,2.782e-31,0.0569,0.77,0.062,#
4104.528953,1.169e-29,0.0569,0.78,0.062,#
4104.885188,1.131e-23,0.0545,0.74,0.059,#
4105.019462,1.407e-28,0.0803,0.78,0.087,#
4105.038522,4.577e-27,0.0757,0.75,0.081,#
4105.125906,2.119e-27,0.0712,0.77,0.077,#
4105.812463,4.006e-26,0.0553,0.72,0.059,#
4106.033502,1.009e-30,0.0553,0.76,0.059,#
4106.244347,6.926e-29,0.0569,0.78,0.062,#
4106.393484,2.958e-24,0.0561,0.76,0.06,#
4106.742074,2.457e-31,0.0561,0.77,0.06,#
4107.436444,1.145e-26,0.0496,0.73,0.053,#
4108.383656,3.406e-26,0.0545,0.71,0.059,#
4108.624834,8.55e-31,0.0545,0.76,0.059,#
4108.680018,2.383e-27,0.0803,0.76,0.087,#
4108.899561,1.498e-27,0.0757,0.77,0.081,#
4109.010653,4.754e-26,0.0496,0.67,0.053,#
4109.040115,1.764e-24,0.0443,0.74,0.047,#
4109.064265,1.343e-29,0.0577,0.79,0.063,#
4109.424453,2.119e-31,0.0553,0.76,0.059,#
4109.463053,1.387e-23,0.0553,0.75,0.059,#
4110.690341,7.926e-29,0.0577,0.79,0.063,#
4110.825723,3.459e-24,0.0569,0.77,0.062,#
4110.892442,2.834e-26,0.0538,0.7,0.058,#
4111.151415,7.086e-31,0.0538,0.75,0.058,#
4112.039532,1.787e-31,0.0545,0.76,0.059,#
4112.213228,1.449e-28,0.0803,0.78,0.087,#
4112.608058,7.807e-28,0.0803,0.78,0.087,#
4112.682654,1.65e-26,0.0503,0.73,0.053,#
4113.338701,2.31e-26,0.0531,0.69,0.057,#
4113.531195,1.502e-29,0.0586,0.79,0.064,#
4113.613119,5.751e-31,0.0531,0.75,0.057,#
4113.977366,1.663e-23,0.0561,0.76,0.06,#
4114.141036,6.803e-26,0.0503,0.67,0.053,#
4114.587177,1.475e-31,0.0538,0.75,0.058,#
4114.9172,3.052e-24,0.0448,0.74,0.047,#
4115.070506,8.836e-29,0.0586,0.79,0.064,#
4115.194503,3.947e-24,0.0577,0.78,0.063,#
4115.712398,2.863e-28,0.0757,0.78,0.081,#
4115.722311,1.845e-26,0.0524,0.68,0.056,#
4115.774717,2.453e-27,0.0803,0.76,0.087,#
4116.009819,4.573e-31,0.0524,0.74,0.056,#
4117.067254,1.191e-31,0.0531,0.75,0.057,#
4117.861938,2.328e-26,0.051,0.74,0.054,#
4117.929593,1.633e-29,0.0595,0.79,0.065,#
4118.043153,1.444e-26,0.0517,0.67,0.055,#
4118.341388,3.563e-31,0.0517,0.74,0.055,#
4118.427993,1.946e-23,0.0569,0.77,0.062,#
4119.146249,4.17e-28,0.0712,0.77,0.077,#
4119.20698,9.539e-26,0.051,0.67,0.054,#
4119.227666,4.851e-27,0.0757,0.75,0.081,#
4119.384704,9.579e-29,0.0595,0.79,0.065,#
4119.499691,4.389e-24,0.0586,0.78,0.064,#
4119.829041,8.039e-28,0.0803,0.78,0.087,#
4120.301107,1.109e-26,0.051,0.67,0.054,#
4120.607699,2.721e-31,0.051,0.73,0.054,#
4120.728658,5.179e-24,0.0454,0.74,0.048,#
4122.259315,1.721e-29,0.0606,0.79,0.066,#
4122.49605,8.346e-27,0.0503,0.67,0.053,#
4122.514647,5.305e-28,0.0677,0.76,0.074,#
4122.617511,7.069e-27,0.0712,0.74,0.077,#
4122.808627,2.038e-31,0.0503,0.73,0.053,#
4122.814799,2.223e-23,0.0577,0.78,0.063,#
4122.974151,3.217e-26,0.0517,0.74,0.055,#
4123.341258,1.589e-27,0.0757,0.78,0.081,#
4123.632796,1.007e-28,0.0606,0.79,0.066,#
4123.741153,4.745e-24,0.0595,0.78,0.065,#
4124.208346,1.31e-25,0.0517,0.67,0.055,#
4124.627865,6.165e-27,0.0496,0.67,0.053,#
4124.944044,1.497e-31,0.0496,0.72,0.053,#
4125.81746,6.216e-28,0.0651,0.76,0.071,#
4125.944125,8.998e-27,0.0677,0.74,0.074,#
4126.474366,8.617e-24,0.046,0.74,0.049,#
4126.520213,1.754e-29,0.0618,0.78,0.068,#
4126.696429,4.469e-27,0.049,0.67,0.052,#
4126.78778,2.314e-27,0.0712,0.77,0.077,#
4127.013823,1.079e-31,0.049,0.72,0.052,#
4127.137651,2.473e-23,0.0586,0.78,0.064,#
4127.814642,1.024e-28,0.0618,0.78,0.068,#
4127.918758,4.979e-24,0.0606,0.77,0.066,#
4128.019146,4.353e-26,0.0524,0.75,0.056,#
4128.701623,3.179e-27,0.0483,0.67,0.051,#
4129.054554,6.87e-28,0.0632,0.77,0.069,#
4129.144995,1.763e-25,0.0524,0.68,0.056,#
4129.207381,1.055e-26,0.0651,0.74,0.071,#
4130.168472,2.943e-27,0.0677,0.76,0.074,#
4130.643326,2.22e-27,0.0477,0.67,0.051,#
4130.712142,1.719e-29,0.0632,0.77,0.069,#
4131.396414,2.676e-23,0.0595,0.79,0.065,#
4131.930102,1.002e-28,0.0632,0.77,0.069,#
4132.03237,5.051e-24,0.0618,0.76,0.068,#
4132.154167,1.406e-23,0.0465,0.74,0.049,#
4132.225797,7.253e-28,0.0618,0.78,0.068,#
4132.407152,1.168e-26,0.0632,0.74,0.069,#
4132.521419,1.522e-27,0.0471,0.67,0.05,#
4132.996778,5.764e-26,0.0531,0.75,0.057,#
4133.483202,3.447e-27,0.0651,0.76,0.071,#
4134.016787,2.322e-25,0.0531,0.69,0.057,#
4134.335781,1.025e-27,0.0465,0.67,0.049,#
4134.834953,1.608e-29,0.0651,0.76,0.071,#
4135.331054,7.37e-28,0.0606,0.79,0.066,#
4135.543312,1.235e-26,0.0618,0.75,0.068,#
4135.590954,2.809e-23,0.0606,0.78,0.066,#
4135.979037,9.354e-29,0.0651,0.76,0.071,#
4136.081858,4.932e-24,0.0632,0.75,0.069,#
4136.086293,6.775e-28,0.046,0.67,0.049,#
4136.731834,3.809e-27,0.0632,0.77,0.069,#
4137.767916,2.249e-23,0.0471,0.74,0.05,#
4137.772834,4.399e-28,0.0454,0.67,0.048,#
4137.9069,7.469e-26,0.0538,0.76,0.058,#
4138.370194,7.243e-28,0.0595,0.79,0.065,#
4138.615732,1.257e-26,0.0606,0.75,0.066,#
4138.823585,2.994e-25,0.0538,0.7,0.058,#
4138.8885,1.418e-29,0.0677,0.76,0.074,#
4139.395284,2.806e-28,0.0448,0.67,0.047,#
4139.721137,2.852e-23,0.0618,0.78,0.068,#
4139.914234,4.019e-27,0.0618,0.78,0.068,#
4139.961308,8.237e-29,0.0677,0.76,0.074,#
4140.067087,4.6e-24,0.0651,0.74,0.071,#
4140.953523,1.758e-28,0.0443,0.67,0.047,#
4141.343082,6.909e-28,0.0586,0.78,0.064,#
4141.624286,1.238e-26,0.0595,0.75,0.065,#
4142.447432,1.082e-28,0.0438,0.67,0.046,#
4142.749366,9.464e-26,0.0545,0.76,0.059,#
4142.872637,1.151e-29,0.0712,0.77,0.077,#
4143.030268,4.083e-27,0.0606,0.79,0.066,#
4143.315466,3.526e-23,0.0477,0.74,0.051,#
4143.565247,3.776e-25,0.0545,0.71,0.059,#
4143.786828,2.786e-23,0.0632,0.77,0.069,#
4143.876775,6.679e-29,0.0712,0.77,0.077,#
4143.876889,6.544e-29,0.0432,0.67,0.046,#
4143.987925,4.045e-24,0.0677,0.74,0.074,#
4144.249586,6.41e-28,0.0577,0.78,0.063,#
4144.568848,1.183e-26,0.0586,0.75,0.064,#
4145.241777,3.889e-29,0.0427,0.67,0.045,#
4146.079802,4.01e-27,0.0595,0.79,0.065,#
4146.541974,2.271e-29,0.0422,0.67,0.045,#
4146.787216,8.157e-30,0.0757,0.77,0.081,#
4147.089574,5.795e-28,0.0569,0.77,0.062,#
4147.449289,1.101e-26,0.0577,0.75,0.063,#
4147.52403,1.172e-25,0.0553,0.77,0.059,#
4147.725298,4.728e-29,0.0757,0.77,0.081,#
4147.777362,1.303e-29,0.0417,0.67,0.044,#
4147.787893,2.599e-23,0.0651,0.76,0.071,#
4147.844237,3.277e-24,0.0712,0.75,0.077,#
4148.241635,4.656e-25,0.0553,0.72,0.059,#
4148.796673,5.42e-23,0.0483,0.74,0.051,#
4148.94782,7.348e-30,0.0413,0.67,0.044,#
4149.062702,3.823e-27,0.0586,0.78,0.064,#
4149.862911,5.112e-28,0.0561,0.77,0.06,#
4150.053229,4.073e-30,0.0408,0.67,0.043,#
4150.265484,9.978e-27,0.0569,0.74,0.062,#
4150.632092,4.256e-30,0.0803,0.78,0.087,#
4151.093469,2.219e-30,0.0403,0.67,0.043,#
4151.506738,2.465e-29,0.0803,0.78,0.087,#
4151.635892,2.318e-24,0.0757,0.76,0.081,#
4151.724198,2.287e-23,0.0677,0.76,0.074,#
4151.978835,3.544e-27,0.0577,0.78,0.063,#
4152.06842,1.188e-30,0.0399,0.67,0.042,#
4152.230745,1.418e-25,0.0561,0.78,0.06,#
4152.569466,4.404e-28,0.0553,0.76,0.059,#
4152.85261,5.608e-25,0.0561,0.73,0.06,#
4152.977962,6.255e-31,0.0395,0.67,0.042,#
4153.017306,8.828e-27,0.0561,0.73,0.06,#
4153.821977,3.237e-31,0.039,0.67,0.041,#
4154.21139,8.164e-23,0.049,0.74,0.054,#
4154.600343,1.647e-31,0.0386,0.67,0.041,#
4154.828065,3.202e-27,0.0569,0.77,0.062,#
4155.209104,3.71e-28,0.0545,0.76,0.059,#
4155.362756,1.208e-24,0.0803,0.77,0.087,#
4155.595608,1.853e-23,0.0712,0.77,0.077,#
4155.704627,7.631e-27,0.0553,0.72,0.059,#
4156.869364,1.674e-25,0.0569,0.78,0.062,#
4157.398032,6.596e-25,0.0569,0.74,0.062,#
4157.610259,2.822e-27,0.0561,0.77,0.06,#
4157.781695,3.057e-28,0.0538,0.75,0.058,#
4158.112142,4.385e-30,0.0803,0.78,0.087,#
4158.327321,6.45e-27,0.0545,0.71,0.059,#
4158.867811,2.539e-29,0.0803,0.78,0.087,#
4159.40199,1.311e-23,0.0757,0.78,0.081,#
4159.559472,1.205e-22,0.0496,0.74,0.054,#
4160.287104,2.465e-28,0.0531,0.75,0.057,#
4160.325284,2.43e-27,0.0553,0.76,0.059,#
4160.885262,5.334e-27,0.0538,0.7,0.058,#
4161.439741,1.927e-25,0.0577,0.79,0.063,#
4161.747023,8.661e-30,0.0757,0.78,0.081,#
4161.877762,7.564e-25,0.0577,0.75,0.063,#
4162.447164,5.017e-29,0.0757,0.78,0.081,#
4162.621577,1.244e-24,0.0803,0.77,0.087,#
4162.725198,1.947e-28,0.0524,0.74,0.056,#
4162.973004,2.045e-27,0.0545,0.76,0.059,#
4163.143209,6.832e-24,0.0803,0.79,0.087,#
4163.378322,4.319e-27,0.0531,0.69,0.057,#
4164.840773,1.742e-22,0.0503,0.74,0.054,#
4165.095846,1.506e-28,0.0517,0.74,0.055,#
4165.311613,1.26e-29,0.0712,0.77,0.077,#
4165.553287,1.683e-27,0.0538,0.75,0.058,#
4165.806376,3.425e-27,0.0524,0.68,0.056,#
4165.941729,2.159e-25,0.0586,0.79,0.064,#
4165.958877,7.302e-29,0.0712,0.77,0.077,#
4166.153267,2.459e-24,0.0757,0.76,0.081,#
4166.29166,8.449e-25,0.0586,0.75,0.064,#
4167.398915,1.142e-28,0.051,0.73,0.054,#
4168.065999,1.356e-27,0.0531,0.75,0.057,#
4168.169296,2.662e-27,0.0517,0.67,0.055,#
4168.805764,1.599e-29,0.0677,0.76,0.074,#
4169.402808,9.278e-29,0.0677,0.76,0.074,#
4169.619634,3.581e-24,0.0712,0.75,0.077,#
4169.634271,8.485e-29,0.0503,0.73,0.053,#
4170.055146,2.468e-22,0.051,0.74,0.054,#
4170.375182,2.352e-25,0.0595,0.79,0.065,#
4170.42962,7.038e-24,0.0803,0.79,0.087,#
4170.466957,2.027e-27,0.051,0.67,0.054,#
4170.511005,1.07e-27,0.0524,0.74,0.056,#
4170.639586,9.174e-25,0.0595,0.75,0.065,#
4171.801783,6.182e-29,0.0496,0.72,0.053,#
4172.229329,1.869e-29,0.0651,0.76,0.071,#
4172.699232,1.514e-27,0.0503,0.67,0.053,#
4172.778819,1.085e-28,0.0651,0.76,0.071,#
4172.888173,8.266e-28,0.0517,0.74,0.055,#
4173.020543,4.553e-24,0.0677,0.74,0.074,#
4173.901317,4.417e-29,0.049,0.72,0.052,#
4173.974545,1.391e-23,0.0757,0.78,0.081,#
4174.739953,2.483e-25,0.0606,0.79,0.066,#
4174.865994,1.109e-27,0.0496,0.67,0.053,#
4174.921401,9.662e-25,0.0606,0.75,0.066,#
4175.197367,6.258e-28,0.051,0.73,0.054,#
4175.202446,3.422e-22,0.0517,0.74,0.054,#
4175.582162,2.058e-29,0.0632,0.77,0.069,#
4175.932741,3.095e-29,0.0483,0.71,0.051,#
4176.086771,1.197e-28,0.0632,0.77,0.069,#
4176.355862,5.332e-24,0.0651,0.74,0.071,#
4176.967117,7.963e-28,0.049,0.67,0.052,#
4177.438456,4.644e-28,0.0503,0.73,0.053,#
4177.453769,2.025e-23,0.0712,0.77,0.077,#
4177.895923,2.128e-29,0.0477,0.71,0.051,#
4178.864116,2.164e-29,0.0618,0.78,0.068,#
4179.002476,5.612e-28,0.0483,0.67,0.051,#
4179.035895,2.534e-25,0.0618,0.78,0.068,#
4179.136966,9.837e-25,0.0618,0.75,0.068,#
4179.326523,1.261e-28,0.0618,0.78,0.068,#
4179.611304,3.379e-28,0.0496,0.72,0.053,#
4179.625457,5.889e-24,0.0632,0.75,0.069,#
4179.790731,1.435e-29,0.0471,0.7,0.05,#
4180.282526,4.646e-22,0.0524,0.76,0.054,#
4180.867159,2.575e-23,0.0677,0.76,0.074,#
4180.971943,3.88e-28,0.0477,0.67,0.051,#
4181.61703,9.498e-30,0.0465,0.7,0.049,#
4181.715779,2.411e-28,0.049,0.72,0.052,#
4182.075043,2.188e-29,0.0606,0.79,0.066,#
4182.497937,1.278e-28,0.0606,0.79,0.066,#
4182.829196,6.212e-24,0.0618,0.76,0.068,#
4182.875393,2.633e-28,0.0471,0.67,0.05,#
4183.262861,2.487e-25,0.0632,0.77,0.069,#
4183.286141,9.633e-25,0.0632,0.74,0.069,#
4183.374691,6.169e-30,0.046,0.7,0.049,#
4183.751747,1.687e-28,0.0483,0.71,0.051,#
4184.214581,3.014e-23,0.0651,0.76,0.071,#
4184.712699,1.754e-28,0.0465,0.67,0.049,#
4185.063579,3.933e-30,0.0454,0.7,0.048,#
4185.214797,2.138e-29,0.0595,0.79,0.065,#
4185.29524,6.172e-22,0.0531,0.76,0.054,#
4185.600872,1.252e-28,0.0595,0.79,0.065,#
4185.719074,1.158e-28,0.0477,0.71,0.051,#
4185.966945,6.306e-24,0.0606,0.77,0.066,#
4186.483736,1.147e-28,0.046,0.67,0.049,#
4186.683563,2.461e-30,0.0448,0.7,0.047,#
4187.368786,9.007e-25,0.0651,0.74,0.071,#
4187.420705,2.329e-25,0.0651,0.76,0.071,#
4187.495901,3.328e-23,0.0632,0.77,0.069,#
4187.617628,7.795e-29,0.0471,0.7,0.05,#
4188.188377,7.361e-29,0.0454,0.67,0.048,#
4188.23451,1.512e-30,0.0443,0.7,0.047,#
4188.283232,2.027e-29,0.0586,0.78,0.064,#
4188.635191,1.19e-28,0.0586,0.78,0.064,#
4189.038572,6.19e-24,0.0595,0.78,0.065,#
4189.447273,5.15e-29,0.0465,0.7,0.049,#
4189.716288,9.122e-31,0.0438,0.7,0.046,#
4189.826497,4.639e-29,0.0448,0.67,0.047,#
4190.240441,8.022e-22,0.0538,0.76,0.054,#
4190.710984,3.509e-23,0.0618,0.77,0.068,#
4191.128765,5.403e-31,0.0432,0.7,0.046,#
4191.207878,3.339e-29,0.046,0.7,0.049,#
4191.280199,1.867e-29,0.0577,0.78,0.063,#
4191.384762,7.939e-25,0.0677,0.74,0.074,#
4191.39797,2.871e-29,0.0443,0.67,0.047,#
4191.509279,2.056e-25,0.0677,0.76,0.074,#
4191.600752,1.099e-28,0.0577,0.78,0.063,#
4192.043944,5.896e-24,0.0586,0.78,0.064,#
4192.471808,3.142e-31,0.0427,0.7,0.045,#
4192.899309,2.125e-29,0.0454,0.7,0.048,#
4192.902669,1.745e-29,0.0438,0.67,0.046,#
4193.745286,1.795e-31,0.0422,0.7,0.045,#
4193.859697,3.561e-23,0.0606,0.78,0.066,#
4194.205553,1.675e-29,0.0569,0.77,0.062,#
4194.340468,1.041e-29,0.0432,0.67,0.046,#
4194.497417,9.893e-29,0.0569,0.77,0.062,#
4194.521432,1.327e-29,0.0448,0.7,0.047,#
4194.949065,1.007e-31,0.0417,0.7,0.044,#
4194.982927,5.462e-24,0.0577,0.77,0.063,#
4195.117982,1.019e-21,0.0545,0.76,0.054,#
4195.333929,6.442e-25,0.0712,0.74,0.077,#
4195.528436,1.67e-25,0.0712,0.77,0.077,#
4195.711243,6.105e-30,0.0427,0.67,0.045,#
4196.074113,8.139e-30,0.0443,0.7,0.047,#
4196.941905,3.494e-23,0.0595,0.78,0.065,#
4197.014867,3.516e-30,0.0422,0.67,0.045,#
4197.059147,1.465e-29,0.0561,0.77,0.06,#
4197.325047,8.684e-29,0.0561,0.77,0.06,#
4197.55722,4.899e-30,0.0438,0.7,0.046,#
4197.85539,4.93e-24,0.0569,0.77,0.062,#
4198.251215,1.989e-30,0.0417,0.67,0.044,#
4198.97062,2.896e-30,0.0432,0.7,0.046,#
4199.216147,4.562e-25,0.0757,0.75,0.081,#
4199.420161,1.105e-30,0.0413,0.67,0.044,#
4199.478031,1.184e-25,0.0757,0.77,0.081,#
4199.840834,1.251e-29,0.0553,0.76,0.059,#
4199.927718,1.266e-21,0.0553,0.77,0.054,#
4199.957475,3.326e-23,0.0586,0.78,0.064,#
4200.083503,7.444e-29,0.0553,0.76,0.059,#
4200.314179,1.68e-30,0.0427,0.7,0.045,#
4200.521578,6.034e-31,0.0408,0.67,0.043,#
4200.661198,4.341e-24,0.0561,0.76,0.06,#
4201.555342,3.236e-31,0.0403,0.67,0.043,#
4201.587763,9.576e-31,0.0422,0.7,0.045,#
4202.521327,1.706e-31,0.0399,0.67,0.042,#
4202.550466,1.043e-29,0.0545,0.76,0.059,#
4202.772645,6.234e-29,0.0545,0.76,0.059,#
4202.791241,5.359e-31,0.0417,0.7,0.044,#
4202.906273,3.079e-23,0.0577,0.77,0.063,#
4203.031277,2.38e-25,0.0803,0.76,0.087,#
4203.357916,6.181e-26,0.0803,0.78,0.087,#
4203.40022,3.733e-24,0.0553,0.75,0.059,#
4203.924477,2.945e-31,0.0413,0.7,0.044,#
4204.669501,1.535e-21,0.0561,0.78,0.054,#
4204.98734,1.59e-31,0.0408,0.7,0.043,#
4205.187898,8.507e-30,0.0538,0.75,0.058,#
4205.392333,5.106e-29,0.0538,0.75,0.058,#
4205.788165,2.777e-23,0.0569,0.77,0.062,#
4206.072323,3.138e-24,0.0545,0.75,0.059,#
4207.752983,6.785e-30,0.0531,0.75,0.057,#
4207.94243,4.091e-29,0.0531,0.75,0.057,#
4208.603017,2.443e-23,0.0561,0.76,0.06,#
4208.677374,2.58e-24,0.0538,0.74,0.058,#
4209.343184,1.816e-21,0.0569,0.78,0.054,#
4210.245573,5.295e-30,0.0524,0.74,0.056,#
4210.422796,3.209e-29,0.0524,0.74,0.056,#
4210.459715,2.453e-25,0.0803,0.76,0.087,#
4210.907967,6.371e-26,0.0803,0.78,0.087,#
4211.215241,2.076e-24,0.0531,0.73,0.057,#
4211.350695,2.099e-23,0.0553,0.75,0.059,#
4212.665523,4.045e-30,0.0517,0.74,0.055,#
4212.833291,2.464e-29,0.0517,0.74,0.055,#
4213.68579,1.635e-24,0.0524,0.72,0.056,#
4213.948622,2.095e-21,0.0577,0.79,0.054,#
4214.031066,1.763e-23,0.0545,0.73,0.059,#
4214.072743,4.846e-25,0.0757,0.75,0.081,#
4214.57784,1.258e-25,0.0757,0.78,0.081,#
4215.012686,3.026e-30,0.051,0.73,0.054,#
4215.173778,1.854e-29,0.051,0.73,0.054,#
4216.088891,1.261e-24,0.0517,0.71,0.055,#
4216.643996,1.448e-23,0.0538,0.73,0.058,#
4217.286914,2.217e-30,0.0503,0.73,0.053,#
4217.444116,1.366e-29,0.0503,0.73,0.053,#
4217.618125,7.05e-25,0.0712,0.74,0.077,#
4218.177415,1.83e-25,0.0712,0.77,0.077,#
4218.424409,9.535e-25,0.051,0.71,0.054,#
4218.485666,2.353e-21,0.0586,0.79,0.054,#
4219.189352,1.164e-23,0.0531,0.72,0.057,#
4219.488062,1.592e-30,0.0496,0.72,0.053,#
4219.644167,9.87e-30,0.0496,0.72,0.053,#
4220.692214,7.063e-25,0.0503,0.7,0.053,#
4221.095721,8.954e-25,0.0677,0.74,0.074,#
4221.615983,1.12e-30,0.049,0.72,0.052,#
4221.667,9.155e-24,0.0524,0.71,0.056,#
4221.706546,2.322e-25,0.0677,0.76,0.074,#
4221.773793,6.989e-30,0.049,0.72,0.052,#
4222.892171,5.129e-25,0.0496,0.7,0.053,#
4222.954171,2.567e-21,0.0595,0.79,0.054,#
4223.67053,7.721e-31,0.0483,0.71,0.051,#
4223.832853,4.852e-30,0.0483,0.71,0.051,#
4224.076806,7.055e-24,0.0517,0.7,0.055,#
4224.505392,1.047e-24,0.0651,0.74,0.071,#
4225.024151,3.652e-25,0.049,0.7,0.052,#
4225.165085,2.711e-25,0.0651,0.76,0.071,#
4225.651557,5.22e-31,0.0477,0.71,0.051,#
4225.82121,3.303e-30,0.0477,0.71,0.051,#
4226.418637,5.326e-24,0.051,0.68,0.054,#
4227.088019,2.55e-25,0.0483,0.7,0.051,#
4227.353988,2.715e-21,0.0606,0.79,0.054,#
4227.558918,3.46e-31,0.0471,0.7,0.05,#
4227.738725,2.205e-30,0.0471,0.7,0.05,#
4227.846998,1.154e-24,0.0632,0.74,0.069,#
4228.552886,2.984e-25,0.0632,0.77,0.069,#
4228.69236,3.94e-24,0.0503,0.69,0.053,#
4229.083645,1.747e-25,0.0477,0.7,0.051,#
4229.392465,2.249e-31,0.0465,0.7,0.049,#
4229.585259,1.444e-30,0.0465,0.7,0.049,#
4230.897841,2.857e-24,0.0496,0.67,0.053,#
4231.010895,1.174e-25,0.0471,0.7,0.05,#
4231.1204,1.214e-24,0.0618,0.75,0.068,#
4231.152052,1.433e-31,0.046,0.7,0.049,#
4231.360673,9.279e-31,0.046,0.7,0.049,#
4231.684972,2.775e-21,0.0618,0.78,0.054,#
4231.869803,3.134e-25,0.0618,0.78,0.068,#
4232.869638,7.736e-26,0.0465,0.7,0.049,#
4233.034947,2.031e-24,0.049,0.68,0.052,#
4233.064828,5.849e-31,0.0454,0.7,0.048,#
4234.325458,1.229e-24,0.0606,0.75,0.066,#
4234.659742,5.004e-26,0.046,0.7,0.049,#
4234.697587,3.618e-31,0.0448,0.7,0.047,#
4235.103546,1.416e-24,0.0483,0.66,0.051,#
4235.115687,3.166e-25,0.0606,0.79,0.066,#
4235.946976,2.727e-21,0.0632,0.77,0.054,#
4236.258809,2.196e-31,0.0443,0.7,0.047,#
4236.381076,3.177e-26,0.0454,0.7,0.048,#
4237.103503,9.685e-25,0.0477,0.67,0.051,#
4237.462034,1.203e-24,0.0595,0.75,0.065,#
4237.748357,1.308e-31,0.0438,0.7,0.046,#
4238.033506,1.979e-26,0.0448,0.7,0.047,#
4238.290394,3.09e-25,0.0595,0.79,0.065,#
4239.034685,6.496e-25,0.0471,0.67,0.05,#
4239.616901,1.21e-26,0.0443,0.7,0.047,#
4240.139851,2.557e-21,0.0651,0.76,0.054,#
4240.529988,1.141e-24,0.0586,0.75,0.064,#
4240.896961,4.275e-25,0.0465,0.67,0.049,#
4241.131129,7.266e-27,0.0438,0.7,0.046,#
4241.393775,2.924e-25,0.0586,0.78,0.064,#
4242.57606,4.282e-27,0.0432,0.7,0.046,#
4242.690196,2.76e-25,0.046,0.67,0.049,#
4243.529181,1.053e-24,0.0577,0.75,0.063,#
4243.95156,2.478e-27,0.0427,0.7,0.045,#
4244.263453,2.259e-21,0.0677,0.76,0.054,#
4244.414258,1.749e-25,0.0454,0.67,0.048,#
4244.425684,2.69e-25,0.0577,0.78,0.063,#
4245.257499,1.408e-27,0.0422,0.7,0.045,#
4246.069014,1.087e-25,0.0448,0.67,0.047,#
4246.459474,9.462e-25,0.0569,0.74,0.062,#
4246.493744,7.853e-28,0.0417,0.7,0.044,#
4247.385975,2.409e-25,0.0569,0.77,0.062,#
4247.65433,6.637e-26,0.0443,0.67,0.047,#
4247.660164,4.302e-28,0.0413,0.7,0.044,#
4248.317632,1.837e-21,0.0712,0.77,0.054,#
4248.756627,2.315e-28,0.0408,0.7,0.043,#
4249.170074,3.976e-26,0.0438,0.67,0.046,#
4249.320727,8.291e-25,0.0561,0.73,0.06,#
4249.783001,1.223e-28,0.0403,0.7,0.043,#
4250.2745,2.103e-25,0.0561,0.77,0.06,#
4250.616114,2.338e-26,0.0432,0.67,0.046,#
4250.739156,6.348e-29,0.0399,0.7,0.042,#
4251.624959,3.236e-29,0.0395,0.7,0.042,#
4251.992316,1.35e-26,0.0427,0.67,0.045,#
4252.112802,7.092e-25,0.0553,0.72,0.059,#
4252.302244,1.303e-21,0.0757,0.77,0.054,#
4252.440279,1.621e-29,0.039,0.7,0.041,#
4253.091114,1.792e-25,0.0553,0.76,0.059,#
4253.184984,7.972e-30,0.0386,0.7,0.041,#
4253.298549,7.652e-27,0.0422,0.67,0.045,#
4253.858943,3.853e-30,0.0382,0.7,0.04,#
4254.462023,1.829e-30,0.0378,0.7,0.04,#
4254.534678,4.259e-27,0.0417,0.67,0.044,#
4254.835559,5.927e-25,0.0545,0.71,0.059,#
4254.994094,8.535e-31,0.0374,0.7,0.04,#
4255.455023,3.912e-31,0.037,0.7,0.039,#
4255.700573,2.328e-27,0.0413,0.67,0.044,#
4255.83567,1.491e-25,0.0545,0.76,0.059,#
4255.84468,1.762e-31,0.0366,0.7,0.039,#
4256.217139,6.802e-22,0.0803,0.78,0.054,#
4256.796099,1.249e-27,0.0408,0.67,0.043,#
4257.48886,4.842e-25,0.0538,0.7,0.058,#
4257.821124,6.585e-28,0.0403,0.67,0.043,#
4258.508021,1.213e-25,0.0538,0.75,0.058,#
4258.775516,3.409e-28,0.0399,0.67,0.042,#
4259.659142,1.733e-28,0.0395,0.67,0.042,#
4260.072566,3.87e-25,0.0531,0.69,0.057,#
4260.471869,8.656e-29,0.039,0.67,0.041,#
4261.108022,9.647e-26,0.0531,0.75,0.057,#
4261.213565,4.246e-29,0.0386,0.67,0.041,#
4261.884097,2.046e-29,0.0382,0.67,0.04,#
4262.483333,9.688e-30,0.0378,0.67,0.04,#
4262.586538,3.027e-25,0.0524,0.68,0.056,#
4263.011139,4.506e-30,0.0374,0.67,0.04,#
4263.467384,2.059e-30,0.037,0.67,0.039,#
4263.635524,7.508e-26,0.0524,0.74,0.056,#
4263.837197,7.014e-22,0.0803,0.78,0.054,#
4263.851934,9.247e-31,0.0366,0.67,0.039,#
4264.164657,4.08e-31,0.0362,0.67,0.038,#
4264.40542,1.769e-31,0.0359,0.67,0.038,#
4265.030637,2.318e-25,0.0517,0.67,0.055,#
4266.090383,5.718e-26,0.0517,0.74,0.055,#
4267.404725,1.739e-25,0.051,0.67,0.054,#
4267.542065,1.385e-21,0.0757,0.78,0.054,#
4268.472452,4.264e-26,0.051,0.73,0.054,#
4269.708663,1.278e-25,0.0503,0.67,0.053,#
4270.781585,3.114e-26,0.0503,0.73,0.053,#
4271.17663,2.014e-21,0.0712,0.77,0.054,#
4271.942312,9.198e-26,0.0496,0.67,0.053,#
4273.017634,2.228e-26,0.0496,0.72,0.053,#
4274.105533,6.49e-26,0.049,0.67,0.052,#
4274.740746,2.554e-21,0.0677,0.76,0.054,#
4275.180455,1.562e-26,0.049,0.72,0.052,#
4276.198189,4.489e-26,0.0483,0.67,0.051,#
4277.269901,1.073e-26,0.0483,0.71,0.051,#
4278.220141,3.044e-26,0.0477,0.67,0.051,#
4278.234264,2.981e-21,0.0651,0.76,0.054,#
4279.285826,7.224e-27,0.0477,0.71,0.051,#
4280.171251,2.025e-26,0.0471,0.67,0.05,#
4281.228084,4.768e-27,0.0471,0.7,0.05,#
4281.65704,3.278e-21,0.0632,0.77,0.054,#
4282.05138,1.32e-26,0.0465,0.67,0.049,#
4283.096528,3.086e-27,0.0465,0.7,0.049,#
4283.860389,8.447e-27,0.046,0.67,0.049,#
4284.891014,1.958e-27,0.046,0.7,0.049,#
4285.008925,3.44e-21,0.0618,0.78,0.054,#
4285.598142,5.3e-27,0.0454,0.67,0.048,#
4286.611394,1.219e-27,0.0454,0.7,0.048,#
4287.264499,3.263e-27,0.0448,0.67,0.047,#
4288.257523,7.437e-28,0.0448,0.7,0.047,#
4288.289774,3.471e-21,0.0606,0.79,0.054,#
4288.859322,1.971e-27,0.0443,0.67,0.047,#
4289.829253,4.453e-28,0.0443,0.7,0.047,#
4290.382473,1.168e-27,0.0438,0.67,0.046,#
4291.326442,2.615e-28,0.0438,0.7,0.046,#
4291.499439,3.384e-21,0.0595,0.79,0.054,#
4291.833815,6.796e-28,0.0432,0.67,0.046,#
4292.748942,1.507e-28,0.0432,0.7,0.046,#
4293.213209,3.879e-28,0.0427,0.67,0.045,#
4294.096607,8.517e-29,0.0427,0.7,0.045,#
4294.520518,2.173e-28,0.0422,0.67,0.045,#
4294.637774,3.198e-21,0.0586,0.78,0.054,#
4295.369292,4.724e-29,0.0422,0.7,0.045,#
4295.755603,1.195e-28,0.0417,0.67,0.044,#
4296.56685,2.571e-29,0.0417,0.7,0.044,#
4296.918326,6.453e-29,0.0413,0.67,0.044,#
4297.689135,1.373e-29,0.0413,0.7,0.044,#
4297.704633,2.937e-21,0.0577,0.78,0.054,#
4298.00855,3.42e-29,0.0408,0.67,0.043,#
4298.736003,7.2e-30,0.0408,0.7,0.043,#
4299.026137,1.779e-29,0.0403,0.67,0.043,#
4299.707306,3.704e-30,0.0403,0.7,0.043,#
4299.970948,9.088e-30,0.0399,0.67,0.042,#
4300.602899,1.871e-30,0.0399,0.7,0.042,#
4300.699869,2.625e-21,0.0569,0.77,0.054,#
4300.842847,4.558e-30,0.0395,0.67,0.042,#
4301.422637,9.273e-31,0.0395,0.7,0.042,#
4301.641694,2.245e-30,0.039,0.67,0.041,#
4302.166372,4.513e-31,0.039,0.7,0.041,#
4302.367353,1.086e-30,0.0386,0.67,0.041,#
4302.83396,2.156e-31,0.0386,0.7,0.041,#
4303.019685,5.156e-31,0.0382,0.67,0.04,#
4303.425254,1.011e-31,0.0382,0.7,0.04,#
4303.598552,2.405e-31,0.0378,0.67,0.04,#
4303.623335,2.288e-21,0.0561,0.77,0.054,#
4304.103816,1.102e-31,0.0374,0.67,0.04,#
4306.474886,1.945e-21,0.0553,0.76,0.054,#
4309.254375,1.615e-21,0.0545,0.76,0.054,#
4311.961655,1.31e-21,0.0538,0.75,0.054,#
4314.596582,1.04e-21,0.0531,0.75,0.054,#
4317.159007,8.067e-22,0.0524,0.75,0.054,#
4319.648786,6.126e-22,0.0517,0.74,0.054,#
4322.065772,4.554e-22,0.051,0.73,0.054,#
4324.40982,3.315e-22,0.0503,0.75,0.054,#
4326.680783,2.363e-22,0.0496,0.74,0.054,#
4328.878516,1.651e-22,0.049,0.74,0.054,#
4331.002873,1.13e-22,0.0483,0.74,0.054,#
4333.053708,7.576e-23,0.0477,0.74,0.051,#
4335.030876,4.98e-23,0.0471,0.74,0.05,#
4336.934231,3.209e-23,0.0465,0.74,0.049,#
4338.763628,2.027e-23,0.046,0.74,0.049,#
4340.518921,1.256e-23,0.0454,0.74,0.048,#
4342.199965,7.627e-24,0.0448,0.74,0.047,#
4343.806614,4.543e-24,0.0443,0.74,0.047,#
4345.338724,2.654e-24,0.0438,0.74,0.046,#
4346.796148,1.521e-24,0.0432,0.74,0.046,#
4348.178742,8.552e-25,0.0427,0.74,0.045,#
4349.486361,4.717e-25,0.0422,0.74,0.045,#
4350.718859,2.552e-25,0.0417,0.74,0.044,#
4351.876114,1.355e-25,0.0413,0.74,0.044,#
4352.957935,7.06e-26,0.0408,0.74,0.043,#
4353.964199,3.61e-26,0.0403,0.74,0.043,#
4354.894762,1.811e-26,0.0399,0.74,0.042,#
4355.749478,8.917e-27,0.0395,0.74,0.042,#
4356.528202,4.31e-27,0.039,0.74,0.041,#
4357.230789,2.044e-27,0.0386,0.74,0.041,#
4357.857094,9.519e-28,0.0382,0.74,0.04,#
4358.406971,4.351e-28,0.0378,0.74,0.04,#
4358.880275,1.952e-28,0.0374,0.74,0.04,#
4359.276862,8.601e-29,0.037,0.74,0.039,#
4359.596585,3.72e-29,0.0366,0.74,0.039,#
4359.839299,1.58e-29,0.0362,0.74,0.038,#
4359.892647,1.661e-31,0.0345,0.74,0.037,#
4360.00486,6.588e-30,0.0359,0.74,0.038,#
4360.03716,4.284e-31,0.0348,0.74,0.037,#
4360.09312,2.698e-30,0.0355,0.74,0.038,#
4360.103936,1.085e-30,0.0352,0.74,0.037,#
